
[1.2225321259193263, 0.11776471810281416, 0.32424239472134453]
[ 0.56394445  0.57358036 -0.42681518 -0.41328082]
[1.2225321259193263, 0.11776471810281416, 0.32424239472134453]
[ 0.56394445  0.57358036 -0.42681518 -0.41328082]
[1.2225321259193263, 0.11776471810281416, 0.32424239472134453]
[ 0.56394445  0.57358036 -0.42681518 -0.41328082]
[1.2225321259193263, 0.11776471810281416, 0.32424239472134453]
[ 0.56394445  0.57358036 -0.42681518 -0.41328082]
[1.2225321259193263, 0.11776471810281416, 0.32424239472134453]
[ 0.56394445  0.57358036 -0.42681518 -0.41328082]
[1.2225321259193263, 0.11776471810281416, 0.32424239472134453]
[ 0.56394445  0.57358036 -0.42681518 -0.41328082]
[1.2225321259193263, 0.11776471810281416, 0.32424239472134453]
[ 0.56394445  0.57358036 -0.42681518 -0.41328082]
[1.2225321259193263, 0.11776471810281416, 0.32424239472134453]
[ 0.56394445  0.57358036 -0.42681518 -0.41328082]
[1.2222581426747632, 0.10211709280161556, 0.3248499503748503]
[ 0.56411178  0.57350437 -0.42671997 -0.413256  ]
[1.2222581426747632, 0.10211709280161556, 0.3248499503748503]
[ 0.56411737  0.57350183 -0.42671679 -0.41325518]
[1.222164669233507, 0.10201689070734057, 0.3248302990250662]
[ 0.56414028  0.57349101 -0.42670287 -0.41325326]
[1.222164669233507, 0.10201689070734057, 0.3248302990250662]
[ 0.56415122  0.57348585 -0.42669623 -0.41325234]
[1.222164669233507, 0.10201689070734057, 0.3248302990250662]
[ 0.56416183  0.57348084 -0.42668978 -0.41325145]
