
[1.194747552611137, 0.12143871362615075, 0.5352293264276096]
[ 0.65246148  0.66286496 -0.26947818 -0.24957076]

[1.1946486191193224, 0.12112381520840243, 0.5361132333089786]
[ 0.65243445  0.66291594 -0.26940731 -0.24958233]

[1.1946930635092396, 0.12115828000598725, 0.5360302845670478]
[ 0.65244436  0.66292448 -0.26937283 -0.24957095]

[1.2144926643642107, 0.1023774013587687, 0.49327176797486094]
[ 0.65283472  0.66222926 -0.26937964 -0.25033177]

[1.1760394401848757, 0.08807804159736846, 0.5657318498162012]
[ 0.65352462  0.66054445 -0.26998096 -0.2522214 ]

[1.1974875790350397, 0.12090192032432934, 0.5364607943729705]
[ 0.65466675  0.65776862 -0.27095746 -0.25533437]

[1.197660837376644, 0.1211764884954099, 0.5365432249274693]
[ 0.65457506  0.6579815  -0.27090565 -0.25508496]

[1.1976521437871142, 0.12116220206626319, 0.5363128832290446]
[ 0.65454588  0.65804731 -0.27089239 -0.25500708]

[1.1976574886244706, 0.12113851467496842, 0.5364410884368501]
[ 0.65432094  0.65855555 -0.27078884 -0.25440586]

[1.1976574886244706, 0.12113851467496842, 0.5364410884368501]
[ 0.65399767  0.65929787 -0.27062179 -0.25353042]

[1.1977461371751779, 0.09444797643503025, 0.527946877763275]
[ 0.65392438  0.65948475 -0.27056784 -0.25330506]

[1.2176104230156684, 0.12075092351189887, 0.491310379939685]
[ 0.65429374  0.65866653 -0.27075203 -0.25426009]


